Classification Report:
              precision    recall  f1-score   support

           0       0.85      0.82      0.84      1000
           1       0.99      0.97      0.98      1000
           2       0.77      0.82      0.79      1000
           3       0.87      0.90      0.88      1000
           4       0.79      0.81      0.80      1000
           5       0.96      0.96      0.96      1000
           6       0.72      0.65      0.68      1000
           7       0.93      0.96      0.94      1000
           8       0.97      0.97      0.97      1000
           9       0.97      0.95      0.96      1000

    accuracy                           0.88     10000
   macro avg       0.88      0.88      0.88     10000
weighted avg       0.88      0.88      0.88     10000

Confusion Matrix:
[[825   3  19  35   4   2 102   0  10   0]
 [  1 966   0  24   4   0   4   0   1   0]
 [ 11   1 822   9  94   0  61   0   2   0]
 [ 12   4  15 903  31   0  30   0   5   0]
 [  0   0 105  33 813   0  46   0   3   0]
 [  0   0   0   0   0 961   0  25   1  13]
 [116   2 109  34  76   0 650   0  13   0]
 [  0   0   0   0   0  23   0 956   0  21]
 [  3   1   3   5   2   4   4   5 973   0]
 [  0   0   0   0   0   9   1  39   0 951]]
