Classification Report:
              precision    recall  f1-score   support

           0       0.82      0.85      0.84      1000
           1       0.99      0.97      0.98      1000
           2       0.80      0.79      0.79      1000
           3       0.87      0.89      0.88      1000
           4       0.76      0.84      0.80      1000
           5       0.98      0.95      0.96      1000
           6       0.75      0.65      0.70      1000
           7       0.94      0.95      0.95      1000
           8       0.96      0.97      0.96      1000
           9       0.95      0.96      0.95      1000

    accuracy                           0.88     10000
   macro avg       0.88      0.88      0.88     10000
weighted avg       0.88      0.88      0.88     10000

Confusion Matrix:
[[852   1  16  23   8   0  89   0  11   0]
 [  3 966   2  24   2   0   2   0   1   0]
 [ 12   1 785  18 123   0  57   0   4   0]
 [ 25   4  14 894  39   0  16   0   8   0]
 [  0   0  84  27 836   0  48   0   5   0]
 [  0   0   0   1   0 950   0  25   3  21]
 [136   1  82  35  86   0 649   0  11   0]
 [  0   0   0   0   0  17   0 950   1  32]
 [  7   0   4   5   5   2   4   3 970   0]
 [  0   0   0   0   0   5   1  32   0 962]]
