Classification Report:
              precision    recall  f1-score   support

           0       0.84      0.82      0.83      1000
           1       0.98      0.97      0.98      1000
           2       0.79      0.81      0.80      1000
           3       0.87      0.89      0.88      1000
           4       0.78      0.82      0.80      1000
           5       0.97      0.96      0.97      1000
           6       0.72      0.68      0.70      1000
           7       0.94      0.95      0.94      1000
           8       0.97      0.96      0.97      1000
           9       0.96      0.96      0.96      1000

    accuracy                           0.88     10000
   macro avg       0.88      0.88      0.88     10000
weighted avg       0.88      0.88      0.88     10000

Confusion Matrix:
[[819   3  18  35   5   1 109   0  10   0]
 [  2 972   1  20   3   0   1   0   1   0]
 [ 15   1 805  12 100   0  66   0   1   0]
 [ 15  12  13 885  45   0  25   0   5   0]
 [  0   1  89  22 825   0  61   0   2   0]
 [  0   0   0   1   0 962   0  23   2  12]
 [115   2  91  37  68   0 683   0   4   0]
 [  0   0   0   0   0  18   0 949   0  33]
 [  5   1   6   6   8   1   7   6 960   0]
 [  0   0   0   0   0   9   1  34   0 956]]
