Classification Report:
              precision    recall  f1-score   support

           0       0.83      0.85      0.84      1000
           1       0.99      0.97      0.98      1000
           2       0.77      0.84      0.81      1000
           3       0.85      0.92      0.88      1000
           4       0.83      0.78      0.81      1000
           5       0.97      0.96      0.97      1000
           6       0.75      0.66      0.70      1000
           7       0.94      0.95      0.95      1000
           8       0.96      0.97      0.97      1000
           9       0.96      0.96      0.96      1000

    accuracy                           0.89     10000
   macro avg       0.89      0.89      0.89     10000
weighted avg       0.89      0.89      0.89     10000

Confusion Matrix:
[[848   2  17  31   5   0  86   0  11   0]
 [  2 970   0  23   3   0   1   0   1   0]
 [ 16   0 843  18  65   0  56   0   2   0]
 [ 17   6   8 921  22   0  21   0   5   0]
 [  0   1 117  45 780   0  53   0   4   0]
 [  0   0   0   1   0 963   0  21   2  13]
 [131   1  94  40  59   0 662   0  13   0]
 [  0   0   0   0   0  21   0 950   0  29]
 [  6   0   9   6   1   2   2   4 970   0]
 [  0   0   0   0   0   8   1  33   0 958]]
