Classification Report:
              precision    recall  f1-score   support

           0       0.82      0.88      0.85      1000
           1       0.99      0.97      0.98      1000
           2       0.83      0.80      0.81      1000
           3       0.86      0.93      0.89      1000
           4       0.81      0.81      0.81      1000
           5       0.95      0.97      0.96      1000
           6       0.75      0.69      0.72      1000
           7       0.95      0.94      0.94      1000
           8       0.98      0.96      0.97      1000
           9       0.96      0.95      0.95      1000

    accuracy                           0.89     10000
   macro avg       0.89      0.89      0.89     10000
weighted avg       0.89      0.89      0.89     10000

Confusion Matrix:
[[880   0   7  22   3   1  82   0   5   0]
 [  4 970   1  20   3   0   1   0   1   0]
 [ 22   0 797  19 102   0  59   0   1   0]
 [ 20   6   3 931  15   0  22   0   3   0]
 [  0   1  77  54 808   0  58   0   2   0]
 [  0   0   0   1   0 974   0  16   1   8]
 [138   0  74  35  59   0 687   0   7   0]
 [  0   0   0   0   0  26   0 942   1  31]
 [  6   0   7   4   7   2   4   6 964   0]
 [  0   0   0   0   0  18   1  32   0 949]]
