Classification Report:
              precision    recall  f1-score   support

           0       0.83      0.82      0.83      1000
           1       0.99      0.96      0.97      1000
           2       0.77      0.79      0.78      1000
           3       0.86      0.91      0.88      1000
           4       0.78      0.81      0.80      1000
           5       0.96      0.97      0.96      1000
           6       0.71      0.65      0.68      1000
           7       0.94      0.95      0.94      1000
           8       0.97      0.97      0.97      1000
           9       0.97      0.95      0.96      1000

    accuracy                           0.88     10000
   macro avg       0.88      0.88      0.88     10000
weighted avg       0.88      0.88      0.88     10000

Confusion Matrix:
[[819   3  16  41   3   0 110   0   8   0]
 [  2 964   1  27   3   0   1   0   2   0]
 [ 12   2 787  12 119   0  67   0   1   0]
 [ 16   7  11 913  23   0  26   0   4   0]
 [  0   0  96  38 814   0  49   0   3   0]
 [  1   0   1   0   0 966   0  22   2   8]
 [129   1 101  31  78   0 648   0  12   0]
 [  0   0   0   0   0  26   0 949   0  25]
 [  2   1   4   4   4   4   9   4 968   0]
 [  0   0   0   0   0   8   1  37   0 954]]
