Classification Report:
              precision    recall  f1-score   support

           0       0.81      0.86      0.84      1000
           1       0.99      0.97      0.98      1000
           2       0.80      0.81      0.80      1000
           3       0.86      0.91      0.88      1000
           4       0.81      0.81      0.81      1000
           5       0.97      0.96      0.96      1000
           6       0.74      0.65      0.69      1000
           7       0.92      0.96      0.94      1000
           8       0.97      0.97      0.97      1000
           9       0.97      0.94      0.96      1000

    accuracy                           0.88     10000
   macro avg       0.88      0.88      0.88     10000
weighted avg       0.88      0.88      0.88     10000

Confusion Matrix:
[[863   2  12  33   4   0  77   1   8   0]
 [  4 968   0  22   2   0   3   0   1   0]
 [ 18   0 805  16  92   0  67   0   2   0]
 [ 21   5  12 912  24   0  21   0   5   0]
 [  0   1  92  34 813   0  57   0   3   0]
 [  0   0   0   1   0 958   0  28   2  11]
 [151   1  79  41  65   0 651   0  12   0]
 [  0   0   0   0   0  18   0 962   1  19]
 [  6   1   3   6   5   3   4   4 968   0]
 [  0   0   0   0   0  10   1  46   0 943]]
