Classification Report:
              precision    recall  f1-score   support

           0       0.80      0.87      0.83      1000
           1       0.99      0.96      0.98      1000
           2       0.74      0.81      0.77      1000
           3       0.86      0.90      0.88      1000
           4       0.76      0.79      0.77      1000
           5       0.96      0.95      0.95      1000
           6       0.76      0.56      0.64      1000
           7       0.92      0.95      0.93      1000
           8       0.96      0.97      0.96      1000
           9       0.96      0.94      0.95      1000

    accuracy                           0.87     10000
   macro avg       0.87      0.87      0.87     10000
weighted avg       0.87      0.87      0.87     10000

Confusion Matrix:
[[868   2  10  35   5   0  69   0  11   0]
 [  3 964   3  25   3   0   0   0   2   0]
 [ 26   1 806  10 114   0  38   0   5   0]
 [ 22   6  11 901  33   2  22   0   2   1]
 [  0   1 124  36 790   0  46   0   3   0]
 [  0   0   0   0   0 946   0  38   2  14]
 [167   2 131  37  89   0 559   0  15   0]
 [  0   0   0   0   0  25   0 948   0  27]
 [  2   1   6   4   5   2   5   5 970   0]
 [  0   0   0   0   0  13   0  44   1 942]]
